2,1,0.5512820512820513,0.36363636363636365,0.4782608695652174
2,2,0.5256410256410257,0.5454545454545454,0.30434782608695654
2,3,0.5512820512820513,0.2727272727272727,0.391304347826087
2,4,0.5384615384615384,0.36363636363636365,0.391304347826087
2,5,0.5,0.45454545454545453,0.5217391304347826
2,6,0.47435897435897434,0.36363636363636365,0.5217391304347826
2,7,0.5256410256410257,0.5454545454545454,0.43478260869565216
2,8,0.5,0.2727272727272727,0.6086956521739131
2,9,0.48717948717948717,0.5454545454545454,0.4782608695652174
4,1,0.5512820512820513,0.5454545454545454,0.5652173913043478
4,2,0.47435897435897434,0.45454545454545453,0.43478260869565216
4,3,0.46153846153846156,0.7272727272727273,0.4782608695652174
4,4,0.6153846153846154,0.6363636363636364,0.5652173913043478
4,5,0.44871794871794873,0.7272727272727273,0.43478260869565216
4,6,0.5256410256410257,0.45454545454545453,0.4782608695652174
4,7,0.5512820512820513,0.6363636363636364,0.391304347826087
4,8,0.47435897435897434,0.2727272727272727,0.5652173913043478
4,9,0.6153846153846154,0.45454545454545453,0.6086956521739131
10,1,0.6282051282051282,0.45454545454545453,0.34782608695652173
10,2,0.6282051282051282,0.2727272727272727,0.30434782608695654
10,3,0.6282051282051282,0.45454545454545453,0.5217391304347826
10,4,0.6282051282051282,0.6363636363636364,0.43478260869565216
10,5,0.6282051282051282,0.36363636363636365,0.391304347826087
10,6,0.6282051282051282,0.45454545454545453,0.5652173913043478
10,7,0.6282051282051282,0.6363636363636364,0.34782608695652173
10,8,0.6282051282051282,0.7272727272727273,0.4782608695652174
10,9,0.6282051282051282,0.5454545454545454,0.5217391304347826
41,1,0.6153846153846154,0.5454545454545454,0.4782608695652174
41,2,0.6153846153846154,0.5454545454545454,0.5652173913043478
41,3,0.6153846153846154,0.2727272727272727,0.5217391304347826
41,4,0.6153846153846154,0.6363636363636364,0.6956521739130435
41,5,0.6153846153846154,0.36363636363636365,0.4782608695652174
41,6,0.6153846153846154,0.45454545454545453,0.43478260869565216
41,7,0.6153846153846154,0.5454545454545454,0.4782608695652174
41,8,0.6153846153846154,0.45454545454545453,0.391304347826087
41,9,0.6153846153846154,0.36363636363636365,0.4782608695652174
43,1,0.5384615384615384,0.36363636363636365,0.5652173913043478
43,2,0.5641025641025641,0.36363636363636365,0.43478260869565216
43,3,0.5384615384615384,0.09090909090909091,0.43478260869565216
43,4,0.5384615384615384,0.5454545454545454,0.43478260869565216
43,5,0.5384615384615384,0.6363636363636364,0.391304347826087
43,6,0.5256410256410257,0.5454545454545454,0.5652173913043478
43,7,0.5384615384615384,0.36363636363636365,0.4782608695652174
43,8,0.5512820512820513,0.45454545454545453,0.391304347826087
43,9,0.5384615384615384,0.36363636363636365,0.34782608695652173
44,1,0.6410256410256411,0.5454545454545454,0.4782608695652174
44,2,0.6410256410256411,0.45454545454545453,0.391304347826087
44,3,0.6410256410256411,0.6363636363636364,0.391304347826087
44,4,0.6410256410256411,0.36363636363636365,0.5217391304347826
44,5,0.6410256410256411,0.45454545454545453,0.43478260869565216
44,6,0.6410256410256411,0.7272727272727273,0.391304347826087
44,7,0.6410256410256411,0.45454545454545453,0.4782608695652174
44,8,0.6410256410256411,0.45454545454545453,0.5652173913043478
44,9,0.6410256410256411,0.5454545454545454,0.391304347826087
45,1,0.6410256410256411,0.45454545454545453,0.5652173913043478
45,2,0.6410256410256411,0.6363636363636364,0.6521739130434783
45,3,0.6410256410256411,0.45454545454545453,0.34782608695652173
45,4,0.6410256410256411,0.5454545454545454,0.5217391304347826
45,5,0.6410256410256411,0.2727272727272727,0.5652173913043478
45,6,0.6410256410256411,0.18181818181818182,0.391304347826087
45,7,0.6410256410256411,0.6363636363636364,0.4782608695652174
45,8,0.6410256410256411,0.5454545454545454,0.5217391304347826
45,9,0.6410256410256411,0.7272727272727273,0.391304347826087
46,1,0.6025641025641025,0.45454545454545453,0.4782608695652174
46,2,0.6025641025641025,0.6363636363636364,0.6956521739130435
46,3,0.6025641025641025,0.45454545454545453,0.4782608695652174
46,4,0.6025641025641025,0.45454545454545453,0.391304347826087
46,5,0.6025641025641025,0.36363636363636365,0.2608695652173913
46,6,0.6025641025641025,0.36363636363636365,0.5217391304347826
46,7,0.6025641025641025,0.36363636363636365,0.5652173913043478
46,8,0.6025641025641025,0.7272727272727273,0.34782608695652173
46,9,0.6025641025641025,0.36363636363636365,0.5217391304347826
47,1,0.5641025641025641,0.6363636363636364,0.4782608695652174
47,2,0.5641025641025641,0.36363636363636365,0.7391304347826086
47,3,0.5641025641025641,0.2727272727272727,0.4782608695652174
47,4,0.5641025641025641,0.8181818181818182,0.4782608695652174
47,5,0.5641025641025641,0.5454545454545454,0.5217391304347826
47,6,0.5641025641025641,0.5454545454545454,0.5652173913043478
47,7,0.5641025641025641,0.7272727272727273,0.6086956521739131
47,8,0.5641025641025641,0.36363636363636365,0.391304347826087
47,9,0.5641025641025641,0.6363636363636364,0.43478260869565216
48,1,0.5384615384615384,0.18181818181818182,0.6521739130434783
48,2,0.48717948717948717,0.6363636363636364,0.43478260869565216
48,3,0.5,0.45454545454545453,0.5652173913043478
48,4,0.5,0.6363636363636364,0.43478260869565216
48,5,0.5512820512820513,0.5454545454545454,0.43478260869565216
48,6,0.5769230769230769,0.36363636363636365,0.4782608695652174
48,7,0.5128205128205128,0.6363636363636364,0.6086956521739131
48,8,0.5769230769230769,0.36363636363636365,0.43478260869565216
48,9,0.6282051282051282,0.36363636363636365,0.43478260869565216
50,1,0.5,0.5454545454545454,0.391304347826087
50,2,0.5256410256410257,0.5454545454545454,0.5217391304347826
50,3,0.5641025641025641,0.5454545454545454,0.391304347826087
50,4,0.5641025641025641,0.45454545454545453,0.5652173913043478
50,5,0.5256410256410257,0.45454545454545453,0.391304347826087
50,6,0.5641025641025641,0.5454545454545454,0.2608695652173913
50,7,0.5897435897435898,0.45454545454545453,0.43478260869565216
50,8,0.5641025641025641,0.6363636363636364,0.5217391304347826
50,9,0.5641025641025641,0.2727272727272727,0.391304347826087
51,1,0.6282051282051282,0.7272727272727273,0.6521739130434783
51,2,0.6282051282051282,0.2727272727272727,0.391304347826087
51,3,0.6282051282051282,0.2727272727272727,0.391304347826087
51,4,0.6282051282051282,0.45454545454545453,0.43478260869565216
51,5,0.6282051282051282,0.6363636363636364,0.43478260869565216
51,6,0.6282051282051282,0.6363636363636364,0.5652173913043478
51,7,0.6282051282051282,0.36363636363636365,0.5652173913043478
51,8,0.6282051282051282,0.2727272727272727,0.5217391304347826
51,9,0.6282051282051282,0.36363636363636365,0.5652173913043478
52,1,0.5769230769230769,0.5454545454545454,0.6086956521739131
52,2,0.5769230769230769,0.45454545454545453,0.30434782608695654
52,3,0.5769230769230769,0.7272727272727273,0.4782608695652174
52,4,0.5769230769230769,0.36363636363636365,0.4782608695652174
52,5,0.5769230769230769,0.5454545454545454,0.4782608695652174
52,6,0.5769230769230769,0.5454545454545454,0.43478260869565216
52,7,0.5769230769230769,0.36363636363636365,0.4782608695652174
52,8,0.5769230769230769,0.8181818181818182,0.391304347826087
52,9,0.5769230769230769,0.45454545454545453,0.391304347826087
53,1,0.5512820512820513,0.2727272727272727,0.43478260869565216
53,2,0.5512820512820513,0.45454545454545453,0.391304347826087
53,3,0.5769230769230769,0.45454545454545453,0.5217391304347826
53,4,0.5512820512820513,0.7272727272727273,0.5652173913043478
53,5,0.5512820512820513,0.36363636363636365,0.5652173913043478
53,6,0.5128205128205128,0.45454545454545453,0.5652173913043478
53,7,0.5512820512820513,0.5454545454545454,0.5217391304347826
53,8,0.5512820512820513,0.6363636363636364,0.34782608695652173
53,9,0.5512820512820513,0.2727272727272727,0.5652173913043478
54,1,0.6282051282051282,0.6363636363636364,0.4782608695652174
54,2,0.6282051282051282,0.5454545454545454,0.5217391304347826
54,3,0.6282051282051282,0.7272727272727273,0.391304347826087
54,4,0.6282051282051282,0.2727272727272727,0.391304347826087
54,5,0.6282051282051282,0.5454545454545454,0.4782608695652174
54,6,0.6282051282051282,0.45454545454545453,0.5652173913043478
54,7,0.6282051282051282,0.18181818181818182,0.6086956521739131
54,8,0.6282051282051282,0.5454545454545454,0.4782608695652174
54,9,0.6282051282051282,0.36363636363636365,0.6086956521739131
55,1,0.5897435897435898,0.6363636363636364,0.4782608695652174
55,2,0.5897435897435898,0.5454545454545454,0.391304347826087
55,3,0.5897435897435898,0.7272727272727273,0.6956521739130435
55,4,0.5897435897435898,0.45454545454545453,0.4782608695652174
55,5,0.5897435897435898,0.5454545454545454,0.5217391304347826
55,6,0.5897435897435898,0.36363636363636365,0.6956521739130435
55,7,0.5897435897435898,0.5454545454545454,0.34782608695652173
55,8,0.5897435897435898,0.36363636363636365,0.5652173913043478
55,9,0.5897435897435898,0.6363636363636364,0.6086956521739131
