19   0.000000    0.100000    0.000000
21   0.000000    0.050000    0.000000
22   0.000000   -0.050000    0.000000
24   0.000000   -0.100000    0.000000
52   0.000000    0.100000    0.000000
54   0.000000    0.050000    0.000000
55   0.000000   -0.050000    0.000000
57   0.000000   -0.100000    0.000000
95   0.000000    0.070000    0.000000
96   0.000000    0.070000    0.000000
103  0.000000    0.070000    0.000000
104  0.000000    0.070000    0.000000
101  0.000000   -0.070000    0.000000
102  0.000000   -0.070000    0.000000
109  0.000000   -0.070000    0.000000
110  0.000000   -0.070000    0.000000
97   0.000000    0.035000    0.000000
98   0.000000    0.035000    0.000000
105  0.000000    0.035000    0.000000
106  0.000000    0.035000    0.000000
99   0.000000   -0.035000    0.000000
100  0.000000   -0.035000    0.000000
107  0.000000   -0.035000    0.000000
108  0.000000   -0.035000    0.000000