3    0.000000    0.100000    0.000000
4    0.000000    0.100000    0.000000
5    0.000000    0.100000    0.000000
6    0.000000    0.100000    0.000000
25   0.000000    0.100000    0.000000
26   0.000000    0.100000    0.000000
58   0.000000    0.100000    0.000000
59   0.000000    0.100000    0.000000
75   0.000000    0.100000    0.000000
76   0.000000    0.100000    0.000000
77   0.000000    0.100000    0.000000
78   0.000000    0.100000    0.000000
92   0.000000    0.100000    0.000000
93   0.000000    0.100000    0.000000
94   0.000000    0.100000    0.000000
111  0.000000    0.100000    0.000000
112  0.000000    0.100000    0.000000