7    0.000000    0.100000    0.000000
8    0.000000    0.100000    0.000000
9    0.000000    0.100000    0.000000
31   0.000000    0.100000    0.000000
33   0.000000    0.100000    0.000000
40   0.000000    0.100000    0.000000
64   0.000000    0.100000    0.000000
66   0.000000    0.100000    0.000000
79   0.000000    0.100000    0.000000
80   0.000000    0.100000    0.000000
81   0.000000    0.100000    0.000000
82   0.000000    0.100000    0.000000
83   0.000000    0.100000    0.000000
84   0.000000    0.100000    0.000000
85   0.000000    0.100000    0.000000
86   0.000000    0.100000    0.000000
87   0.000000    0.100000    0.000000
88   0.000000    0.100000    0.000000
89   0.000000    0.100000    0.000000
90   0.000000    0.100000    0.000000
91   0.000000    0.100000    0.000000