31   0.100000    0.000000    0.000000
64  -0.100000    0.000000    0.000000
88   0.100000    0.000000    0.000000
89  -0.100000    0.000000    0.000000
79   0.050000    0.000000    0.000000
80  -0.050000    0.000000    0.000000
81   0.050000    0.000000    0.000000
82  -0.050000    0.000000    0.000000
83   0.050000    0.000000    0.000000
84  -0.050000    0.000000    0.000000
85   0.050000    0.000000    0.000000
86  -0.050000    0.000000    0.000000
90   0.050000    0.000000    0.000000
91  -0.050000    0.000000    0.000000