0    0.000000    0.200000    0.000000
1    0.000000    0.200000    0.000000
11   0.000000    0.200000    0.000000
12   0.000000    0.200000    0.000000
13   0.000000    0.200000    0.000000
14   0.000000    0.200000    0.000000
34   0.000000    0.200000    0.000000
44   0.000000    0.200000    0.000000
45   0.000000    0.200000    0.000000
46   0.000000    0.200000    0.000000
47   0.000000    0.200000    0.000000
10   0.000000   -0.200000    0.000000
30   0.000000   -0.100000    0.000000
63   0.000000   -0.100000    0.000000
32   0.000000   -0.200000    0.000000
65   0.000000   -0.200000    0.000000