20   0.100000    0.000000    0.000000
95   0.050000    0.000000    0.000000
97   0.050000    0.000000    0.000000
99   0.050000    0.000000    0.000000
101  0.050000    0.000000    0.000000
103 -0.050000    0.000000    0.000000
105 -0.050000    0.000000    0.000000
107 -0.050000    0.000000    0.000000
109 -0.050000    0.000000    0.000000
23  -0.100000    0.000000    0.000000
53  -0.100000    0.000000    0.000000
96  -0.050000    0.000000    0.000000
98  -0.050000    0.000000    0.000000
100 -0.050000    0.000000    0.000000
102 -0.050000    0.000000    0.000000
104  0.050000    0.000000    0.000000
106  0.050000    0.000000    0.000000
108  0.050000    0.000000    0.000000
110  0.050000    0.000000    0.000000
56   0.100000    0.000000    0.000000